0 39 53 51 15 69 94 13 27 94 25 78 39 31 88 3 37 91 60 83 20 
39 0 4 24 54 33 3 71 45 91 73 60 63 45 23 15 10 63 14 71 20 
53 4 0 23 10 19 89 79 79 65 25 85 47 69 89 57 33 19 59 24 63 
51 24 23 0 65 71 80 12 7 78 80 10 40 37 15 63 24 11 20 54 41 
15 54 10 65 0 80 11 88 56 89 99 18 91 90 54 89 70 85 36 69 50 
69 33 19 71 80 0 3 75 2 53 26 8 65 29 41 52 97 53 35 89 98 
94 3 89 80 11 3 0 61 67 77 74 98 30 91 61 18 1 38 22 96 99 
13 71 79 12 88 75 61 0 91 43 48 31 23 62 45 81 59 1 58 64 37 
27 45 79 7 56 2 67 91 0 37 40 50 60 12 43 26 4 0 29 7 20 
94 91 65 78 89 53 77 43 37 0 57 29 63 96 90 97 93 9 5 97 11 
25 73 25 80 99 26 74 48 40 57 0 68 93 75 38 80 13 60 11 15 72 
78 60 85 10 18 8 98 31 50 29 68 0 90 3 74 66 8 89 20 67 55 
39 63 47 40 91 65 30 23 60 63 93 90 0 60 87 20 8 19 69 63 34 
31 45 69 37 90 29 91 62 12 96 75 3 60 0 8 22 70 45 30 27 48 
88 23 89 15 54 41 61 45 43 90 38 74 87 8 0 34 23 13 83 40 9 
3 15 57 63 89 52 18 81 26 97 80 66 20 22 34 0 50 89 6 99 3 
37 10 33 24 70 97 1 59 4 93 13 8 8 70 23 50 0 95 35 62 37 
91 63 19 11 85 53 38 1 0 9 60 89 19 45 13 89 95 0 21 14 5 
60 14 59 20 36 35 22 58 29 5 11 20 69 30 83 6 35 21 0 57 67 
83 71 24 54 69 89 96 64 7 97 15 67 63 27 40 99 62 14 57 0 45 
20 20 63 41 50 98 99 37 20 11 72 55 34 48 9 3 37 5 67 45 0 
